-50.0000 0.0000 -0.0000 -0.0000 0.0000 -0.0000
-49.9962 0.0005 -0.0008 0.0011 0.0017 -0.0032
-49.9849 0.0018 -0.0030 0.0042 0.0066 -0.0125
-49.9661 0.0041 -0.0068 0.0095 0.0148 -0.0279
-49.9398 0.0072 -0.0120 0.0168 0.0262 -0.0488
-49.9059 0.0113 -0.0187 0.0261 0.0407 -0.0746
-49.8645 0.0162 -0.0269 0.0375 0.0582 -0.1047
-49.8156 0.0220 -0.0366 0.0509 0.0785 -0.1382
-49.7592 0.0288 -0.0476 0.0661 0.1014 -0.1742
-49.6953 0.0363 -0.0601 0.0832 0.1268 -0.2115
-49.6240 0.0448 -0.0739 0.1021 0.1545 -0.2492
-49.5451 0.0541 -0.0891 0.1228 0.1842 -0.2861
-49.4588 0.0642 -0.1056 0.1451 0.2156 -0.3210
-49.3651 0.0752 -0.1234 0.1689 0.2486 -0.3529
-49.2639 0.0870 -0.1424 0.1942 0.2828 -0.3807
-49.1553 0.0997 -0.1626 0.2209 0.3179 -0.4034
-49.0393 0.1131 -0.1839 0.2488 0.3536 -0.4201
-48.9159 0.1273 -0.2064 0.2779 0.3897 -0.4300
-48.7851 0.1423 -0.2299 0.3081 0.4257 -0.4325
-48.6470 0.1580 -0.2544 0.3392 0.4614 -0.4271
-48.5016 0.1745 -0.2799 0.3711 0.4964 -0.4136
-48.3488 0.1917 -0.3062 0.4037 0.5305 -0.3918
-48.1888 0.2095 -0.3334 0.4369 0.5633 -0.3617
-48.0215 0.2281 -0.3614 0.4705 0.5945 -0.3237
-47.8470 0.2474 -0.3901 0.5045 0.6237 -0.2781
-47.6653 0.2672 -0.4194 0.5386 0.6508 -0.2256
-47.4764 0.2877 -0.4493 0.5727 0.6754 -0.1670
-47.2804 0.3088 -0.4797 0.6068 0.6973 -0.1032
-47.0772 0.3305 -0.5106 0.6406 0.7162 -0.0354
-46.8670 0.3528 -0.5419 0.6741 0.7318 0.0353
-46.6496 0.3756 -0.5735 0.7070 0.7441 0.1076
-46.4253 0.3988 -0.6053 0.7394 0.7527 0.1801
-46.1940 0.4226 -0.6373 0.7709 0.7575 0.2513
-45.9557 0.4469 -0.6695 0.8016 0.7585 0.3200
-45.7105 0.4715 -0.7016 0.8312 0.7554 0.3845
-45.4584 0.4966 -0.7337 0.8597 0.7482 0.4438
-45.1995 0.5221 -0.7657 0.8870 0.7368 0.4963
-44.9337 0.5479 -0.7975 0.9128 0.7213 0.5410
-44.6612 0.5741 -0.8291 0.9372 0.7016 0.5769
-44.3820 0.6005 -0.8603 0.9599 0.6776 0.6030
-44.0961 0.6273 -0.8912 0.9809 0.6496 0.6187
-43.8035 0.6543 -0.9215 1.0001 0.6176 0.6234
-43.5043 0.6815 -0.9514 1.0174 0.5817 0.6168
-43.1986 0.7089 -0.9806 1.0327 0.5420 0.5989
-42.8864 0.7365 -1.0092 1.0459 0.4987 0.5698
-42.5678 0.7642 -1.0370 1.0570 0.4520 0.5298
-42.2427 0.7921 -1.0641 1.0658 0.4021 0.4795
-41.9112 0.8200 -1.0903 1.0723 0.3494 0.4197
-41.5735 0.8479 -1.1155 1.0766 0.2939 0.3513
-41.2295 0.8759 -1.1398 1.0784 0.2361 0.2755
-40.8792 0.9039 -1.1630 1.0778 0.1762 0.1937
-40.5229 0.9319 -1.1852 1.0747 0.1145 0.1072
-40.1604 0.9598 -1.2062 1.0692 0.0515 0.0176
-39.7918 0.9876 -1.2260 1.0611 -0.0127 -0.0734
-39.4173 1.0154 -1.2445 1.0506 -0.0775 -0.1641
-39.0369 1.0429 -1.2618 1.0375 -0.1427 -0.2530
-38.6505 1.0703 -1.2777 1.0220 -0.2078 -0.3382
-38.2584 1.0975 -1.2923 1.0039 -0.2726 -0.4182
-37.8604 1.1245 -1.3054 0.9834 -0.3365 -0.4915
-37.4568 1.1513 -1.3171 0.9605 -0.3993 -0.5565
-37.0476 1.1777 -1.3273 0.9351 -0.4606 -0.6121
-36.6327 1.2039 -1.3360 0.9075 -0.5200 -0.6570
-36.2124 1.2297 -1.3431 0.8775 -0.5771 -0.6904
-35.7865 1.2552 -1.3487 0.8453 -0.6316 -0.7116
-35.3553 1.2803 -1.3526 0.8109 -0.6832 -0.7201
-34.9188 1.3050 -1.3550 0.7745 -0.7315 -0.7156
-34.4770 1.3293 -1.3558 0.7360 -0.7764 -0.6981
-34.0300 1.3532 -1.3549 0.6957 -0.8174 -0.6678
-33.5779 1.3766 -1.3523 0.6535 -0.8543 -0.6253
-33.1208 1.3994 -1.3482 0.6096 -0.8869 -0.5712
-32.6586 1.4218 -1.3423 0.5641 -0.9150 -0.5065
-32.1916 1.4436 -1.3349 0.5170 -0.9385 -0.4323
-31.7197 1.4649 -1.3257 0.4686 -0.9570 -0.3500
-31.2430 1.4857 -1.3150 0.4190 -0.9706 -0.2609
-30.7616 1.5058 -1.3026 0.3681 -0.9792 -0.1668
-30.2756 1.5253 -1.2886 0.3163 -0.9826 -0.0694
-29.7850 1.5442 -1.2730 0.2636 -0.9808 0.0296
-29.2899 1.5624 -1.2558 0.2101 -0.9739 0.1284
-28.7904 1.5800 -1.2370 0.1560 -0.9617 0.2251
-28.2866 1.5969 -1.2168 0.1014 -0.9445 0.3180
-27.7785 1.6131 -1.1950 0.0465 -0.9223 0.4053
-27.2662 1.6287 -1.1717 -0.0085 -0.8952 0.4854
-26.7499 1.6435 -1.1470 -0.0637 -0.8633 0.5569
-26.2295 1.6575 -1.1209 -0.1188 -0.8268 0.6184
-25.7051 1.6709 -1.0934 -0.1736 -0.7860 0.6688
-25.1769 1.6835 -1.0646 -0.2280 -0.7410 0.7071
-24.6449 1.6953 -1.0345 -0.2820 -0.6921 0.7327
-24.1092 1.7064 -1.0031 -0.3353 -0.6395 0.7450
-23.5698 1.7166 -0.9706 -0.3878 -0.5836 0.7439
-23.0269 1.7261 -0.9369 -0.4394 -0.5247 0.7294
-22.4806 1.7349 -0.9022 -0.4900 -0.4631 0.7017
-21.9308 1.7428 -0.8664 -0.5394 -0.3991 0.6615
-21.3778 1.7499 -0.8296 -0.5874 -0.3331 0.6093
-20.8215 1.7562 -0.7919 -0.6341 -0.2656 0.5463
-20.2621 1.7617 -0.7533 -0.6792 -0.1967 0.4736
-19.6996 1.7664 -0.7139 -0.7227 -0.1270 0.3925
-19.1342 1.7703 -0.6738 -0.7644 -0.0569 0.3046
-18.5659 1.7734 -0.6329 -0.8043 0.0134 0.2115
-17.9948 1.7756 -0.5915 -0.8422 0.0833 0.1149
-17.4209 1.7771 -0.5495 -0.8781 0.1526 0.0166
-16.8445 1.7777 -0.5070 -0.9119 0.2207 -0.0817
-16.2655 1.7776 -0.4641 -0.9434 0.2874 -0.1780
-15.6841 1.7766 -0.4208 -0.9727 0.3524 -0.2707
-15.1003 1.7749 -0.3772 -0.9997 0.4151 -0.3581
-14.5142 1.7723 -0.3334 -1.0243 0.4753 -0.4386
-13.9260 1.7690 -0.2894 -1.0464 0.5328 -0.5108
-13.3356 1.7649 -0.2453 -1.0661 0.5870 -0.5734
-12.7433 1.7600 -0.2012 -1.0832 0.6379 -0.6253
-12.1490 1.7544 -0.1571 -1.0978 0.6852 -0.6656
-11.5529 1.7480 -0.1131 -1.1098 0.7285 -0.6937
-10.9551 1.7409 -0.0693 -1.1193 0.7677 -0.7091
-10.3556 1.7330 -0.0257 -1.1261 0.8026 -0.7117
-9.7545 1.7244 0.0176 -1.1304 0.8330 -0.7014
-9.1520 1.7151 0.0606 -1.1321 0.8588 -0.6787
-8.5481 1.7051 0.1032 -1.1312 0.8800 -0.6439
-7.9429 1.6944 0.1452 -1.1278 0.8963 -0.5978
-7.3365 1.6831 0.1868 -1.1219 0.9078 -0.5414
-6.7290 1.6710 0.2277 -1.1136 0.9144 -0.4757
-6.1205 1.6584 0.2681 -1.1028 0.9162 -0.4021
-5.5111 1.6451 0.3077 -1.0896 0.9131 -0.3219
-4.9009 1.6312 0.3466 -1.0741 0.9053 -0.2368
-4.2899 1.6167 0.3847 -1.0563 0.8928 -0.1482
-3.6782 1.6016 0.4219 -1.0364 0.8758 -0.0578
-3.0660 1.5860 0.4582 -1.0143 0.8543 0.0326
-2.4534 1.5698 0.4936 -0.9902 0.8287 0.1215
-1.8404 1.5531 0.5280 -0.9641 0.7989 0.2072
-1.2271 1.5359 0.5614 -0.9361 0.7653 0.2882
-0.6136 1.5182 0.5938 -0.9064 0.7281 0.3631
0.0000 1.5000 0.6250 -0.8750 0.6875 0.4307
0.6136 1.4814 0.6551 -0.8420 0.6438 0.4896
1.2271 1.4623 0.6841 -0.8075 0.5973 0.5391
1.8404 1.4428 0.7118 -0.7717 0.5482 0.5782
2.4534 1.4230 0.7384 -0.7346 0.4970 0.6065
3.0660 1.4027 0.7637 -0.6964 0.4438 0.6236
3.6782 1.3821 0.7877 -0.6571 0.3890 0.6292
4.2899 1.3612 0.8105 -0.6169 0.3330 0.6234
4.9009 1.3400 0.8319 -0.5759 0.2760 0.6066
5.5111 1.3185 0.8521 -0.5341 0.2184 0.5792
6.1205 1.2967 0.8710 -0.4919 0.1605 0.5418
6.7290 1.2746 0.8885 -0.4491 0.1027 0.4953
7.3365 1.2523 0.9046 -0.4061 0.0452 0.4406
7.9429 1.2299 0.9195 -0.3628 -0.0116 0.3789
8.5481 1.2072 0.9330 -0.3193 -0.0674 0.3115
9.1520 1.1844 0.9451 -0.2759 -0.1219 0.2395
9.7545 1.1614 0.9560 -0.2326 -0.1749 0.1645
10.3556 1.1383 0.9655 -0.1896 -0.2260 0.0879
10.9551 1.1151 0.9736 -0.1469 -0.2751 0.0110
11.5529 1.0918 0.9805 -0.1046 -0.3218 -0.0646
12.1490 1.0685 0.9861 -0.0628 -0.3660 -0.1378
12.7433 1.0451 0.9904 -0.0217 -0.4075 -0.2071
13.3356 1.0217 0.9934 0.0187 -0.4461 -0.2714
13.9260 0.9983 0.9952 0.0583 -0.4816 -0.3296
14.5142 0.9749 0.9958 0.0969 -0.5139 -0.3808
15.1003 0.9515 0.9951 0.1346 -0.5428 -0.4241
15.6841 0.9282 0.9933 0.1712 -0.5683 -0.4590
16.2655 0.9049 0.9904 0.2066 -0.5904 -0.4850
16.8445 0.8818 0.9863 0.2408 -0.6089 -0.5017
17.4209 0.8587 0.9811 0.2738 -0.6238 -0.5092
17.9948 0.8358 0.9749 0.3054 -0.6351 -0.5074
18.5659 0.8130 0.9677 0.3357 -0.6429 -0.4965
19.1342 0.7904 0.9594 0.3645 -0.6472 -0.4771
19.6996 0.7679 0.9503 0.3918 -0.6480 -0.4496
20.2621 0.7456 0.9402 0.4176 -0.6454 -0.4148
20.8215 0.7236 0.9292 0.4418 -0.6395 -0.3734
21.3778 0.7017 0.9174 0.4645 -0.6304 -0.3263
21.9308 0.6801 0.9048 0.4855 -0.6182 -0.2746
22.4806 0.6587 0.8914 0.5050 -0.6032 -0.2193
23.0269 0.6376 0.8774 0.5228 -0.5854 -0.1615
23.5698 0.6167 0.8626 0.5390 -0.5650 -0.1024
24.1092 0.5961 0.8472 0.5536 -0.5422 -0.0430
24.6449 0.5759 0.8313 0.5665 -0.5173 0.0155
25.1769 0.5559 0.8147 0.5778 -0.4903 0.0721
25.7051 0.5362 0.7977 0.5875 -0.4616 0.1259
26.2295 0.5169 0.7802 0.5956 -0.4312 0.1759
26.7499 0.4979 0.7623 0.6022 -0.3996 0.2213
27.2662 0.4792 0.7441 0.6072 -0.3667 0.2614
27.7785 0.4609 0.7255 0.6108 -0.3330 0.2957
28.2866 0.4429 0.7066 0.6128 -0.2986 0.3236
28.7904 0.4253 0.6874 0.6134 -0.2637 0.3450
29.2899 0.4081 0.6681 0.6127 -0.2285 0.3595
29.7850 0.3912 0.6486 0.6106 -0.1933 0.3672
30.2756 0.3748 0.6289 0.6072 -0.1583 0.3681
30.7616 0.3587 0.6092 0.6026 -0.1236 0.3625
31.2430 0.3430 0.5894 0.5968 -0.0894 0.3506
31.7197 0.3277 0.5696 0.5899 -0.0560 0.3329
32.1916 0.3128 0.5499 0.5819 -0.0235 0.3100
32.6586 0.2983 0.5302 0.5729 0.0080 0.2824
33.1208 0.2842 0.5106 0.5630 0.0383 0.2508
33.5779 0.2705 0.4911 0.5522 0.0672 0.2159
34.0300 0.2572 0.4718 0.5406 0.0947 0.1786
34.4770 0.2443 0.4527 0.5283 0.1207 0.1395
34.9188 0.2318 0.4338 0.5152 0.1450 0.0995
35.3553 0.2197 0.4151 0.5016 0.1676 0.0594
35.7865 0.2080 0.3968 0.4874 0.1883 0.0198
36.2124 0.1967 0.3787 0.4727 0.2073 -0.0184
36.6327 0.1858 0.3609 0.4576 0.2243 -0.0547
37.0476 0.1752 0.3435 0.4421 0.2395 -0.0884
37.4568 0.1651 0.3265 0.4264 0.2528 -0.1191
37.8604 0.1554 0.3098 0.4104 0.2641 -0.1463
38.2584 0.1460 0.2936 0.3942 0.2736 -0.1697
38.6505 0.1370 0.2778 0.3780 0.2812 -0.1890
39.0369 0.1284 0.2624 0.3617 0.2871 -0.2040
39.4173 0.1202 0.2474 0.3454 0.2911 -0.2147
39.7918 0.1123 0.2329 0.3291 0.2935 -0.2211
40.1604 0.1047 0.2189 0.3130 0.2942 -0.2232
40.5229 0.0976 0.2054 0.2970 0.2934 -0.2214
40.8792 0.0907 0.1923 0.2812 0.2911 -0.2157
41.2295 0.0842 0.1798 0.2657 0.2875 -0.2066
41.5735 0.0780 0.1677 0.2504 0.2825 -0.1944
41.9112 0.0722 0.1561 0.2355 0.2765 -0.1794
42.2427 0.0666 0.1450 0.2209 0.2693 -0.1622
42.5678 0.0614 0.1344 0.2068 0.2612 -0.1432
42.8864 0.0564 0.1243 0.1930 0.2523 -0.1228
43.1986 0.0517 0.1147 0.1797 0.2427 -0.1016
43.5043 0.0473 0.1055 0.1668 0.2324 -0.0800
43.8035 0.0432 0.0969 0.1544 0.2216 -0.0584
44.0961 0.0394 0.0887 0.1425 0.2105 -0.0372
44.3820 0.0357 0.0810 0.1312 0.1990 -0.0169
44.6612 0.0324 0.0737 0.1203 0.1873 0.0023
44.9337 0.0292 0.0669 0.1100 0.1756 0.0200
45.1995 0.0263 0.0606 0.1003 0.1638 0.0361
45.4584 0.0236 0.0546 0.0910 0.1521 0.0503
45.7105 0.0211 0.0491 0.0823 0.1406 0.0625
45.9557 0.0188 0.0439 0.0742 0.1294 0.0726
46.1940 0.0167 0.0392 0.0665 0.1184 0.0806
46.4253 0.0148 0.0348 0.0594 0.1078 0.0865
46.6496 0.0130 0.0307 0.0529 0.0976 0.0904
46.8670 0.0114 0.0270 0.0468 0.0878 0.0923
47.0772 0.0100 0.0237 0.0412 0.0786 0.0925
47.2804 0.0086 0.0206 0.0360 0.0699 0.0911
47.4764 0.0074 0.0178 0.0313 0.0617 0.0883
47.6653 0.0064 0.0153 0.0271 0.0541 0.0843
47.8470 0.0054 0.0131 0.0233 0.0471 0.0793
48.0215 0.0046 0.0111 0.0198 0.0407 0.0735
48.1888 0.0039 0.0094 0.0168 0.0348 0.0672
48.3488 0.0032 0.0078 0.0140 0.0295 0.0606
48.5016 0.0027 0.0065 0.0117 0.0248 0.0538
48.6470 0.0022 0.0053 0.0096 0.0206 0.0470
48.7851 0.0017 0.0043 0.0078 0.0169 0.0404
48.9159 0.0014 0.0034 0.0062 0.0136 0.0342
49.0393 0.0011 0.0027 0.0049 0.0109 0.0284
49.1553 0.0008 0.0021 0.0038 0.0085 0.0231
49.2639 0.0006 0.0016 0.0029 0.0066 0.0184
49.3651 0.0005 0.0012 0.0022 0.0049 0.0143
49.4588 0.0003 0.0009 0.0016 0.0036 0.0108
49.5451 0.0002 0.0006 0.0011 0.0026 0.0079
49.6240 0.0002 0.0004 0.0008 0.0018 0.0056
49.6953 0.0001 0.0003 0.0005 0.0012 0.0038
49.7592 0.0001 0.0002 0.0003 0.0007 0.0024
49.8156 0.0000 0.0001 0.0002 0.0004 0.0015
49.8645 0.0000 0.0001 0.0001 0.0002 0.0008
49.9059 0.0000 0.0000 0.0000 0.0001 0.0004
49.9398 0.0000 0.0000 0.0000 0.0000 0.0002
49.9661 0.0000 0.0000 0.0000 0.0000 0.0001
49.9849 0.0000 0.0000 0.0000 0.0000 0.0000
49.9962 0.0000 0.0000 0.0000 0.0000 0.0000
50.0000 0.0000 0.0000 0.0000 0.0000 0.0000

